1625
-8532
6612
348
6780
-6039
3317
-4457
-6084
-7910
3114
-2084
7241
-4787
-7522
9035
4964
489
8292
-1309
-8722
-9202
-7375
3257
7034
-5477
201
-4907
2630
-8765
-6822
-5172
5575
7125
-7788
9582
-6892
7463
-3574
-7221
-674
-8738
-7964
-466
-176
4154
67
7457
-7697
1514
1747
5181
915
-2092
338
-8451
2356
-9771
8110
-8953
-2301
1923
4348
-6038
-3077
-1845
-8252
9464
-8866
-3762
3236
8690
-5537
4341
-6448
3709
4375
-8452
7044
4173
5115
7191
7854
4476
-3473
6635
-1127
-7765
3067
8569
7953
-7292
5494
437
9154
-3095
2090
2768
8506
2985
4811
3048
2887
-3715
357
1944
7647
4913
-2941
264
-6544
2470
-611
5209
-2942
9911
-3786
4913
4764
-8577
3419
-8236
-4209
-9569
-4759
-6763
-5060
3873
-5995
-6315
2703
8006
-2906
-778
5658
849
-6923
-684
-279
4848
2372
-3838
1599
-8345
-9708
2497
1959
-6382
-4613
1018
9871
1217
-9697
1
-9598
5350
-1646
-4253
9049
111
4958
-7564
-7711
1868
-1093
-8952
8342
-5915
2566
636
-1171
653
9499
-6146
-6608
8343
-3529
-5705
1814
1400
-9293
5422
-6257
7766
-5984
-9515
-6970
805
9258
-8307
2384
-6294
-8318
1715
2975
1560
6166
5843
4455
6576
7526
6174
1966
5201
2316
438
-1430
-5668
6956
-7946
3524
2896
5314
3317
3570
-6097
-7049
8029
-3547
1085
2355
2830
2333
1351
-4610
-761
4349
-1812
-9530
2022
5040
-5477
-4175
2995
-1708
-716
1884
6948
7590
762
9955
-7636
4299
-2489
-2380
-3538
7418
2986
8965
-2058
-3742
-6361
-2659
-6949
-1501
1136
-1201
7682
-9972
-8318
8996
8220
-4197
9822
-5668
4709
4968
6832
2772
3633
4034
-2944
9317
101
4358
2059
6348
-1400
9673
-5229
478
-9690
1809
998
9791
5711
-987
3230
3539
7969
3823
9751
-4869
-7506
3383
-8976
6524
781
-7856
6727
9128
977
-1565
-6265
8791
4528
2431
7073
-6348
-4323
1665
-7383
9472
-2624
-288
-2201
-8487
-1062
-6727
4091
-738
-2435
1798
-2050
4512
-3512
1145
-6765
9241
4380
-7525
8432
-6958
-5639
-2570
7955
3825
-6706
1551
2153
-6362
-5777
468
-7302
-2709
-8369
9998
2719
-6997
-1664
5051
7584
6913
-7222
2924
8177
-3698
-6069
5834
-1952
-8922
2313
1912
-1758
-4364
8964
4933
-5772
2150
-5173
1465
2760
8753
-8514
3747
3824
8352
-7864
8862
-507
-9901
3591
5760
9563
4611
-1623
-1117
-1035
-6440
-7430
-6607
-2849
-7632
-7797
-432
-8410
-792
6075
1068
1245
941
-2901
8497
5309
1738
-4215
9412
7999
5862
-6294
-8499
-1222
-5960
-8144
-1299
-1907
5128
-8674
4672
-5322
-6366
-303
8413
-5691
6305
6654
-974
8687
-6187
2973
3692
59
883
-3471
-1511
-5734
-1710
6060
-533
-9809
-6305
7588
-2088
1013
7057
-1302
-7506
-5578
-1879
-391
8995
-2195
-8763
-5290
-229
-5297
-7974
4584
-7066
4868
-308
-8019
1166
5906
-1358
-5000
3281
-8528
-3822
6457
-498
-7529
5775
-9587
-3302
-9708
-6764
5905
1207
5069
7326
-9384
-8152
3998
268
-540
2636
-9604
-5478
429
-289
4013
-5253
2079
-7683
-8565
9545
-5342
5467
-7607
1925
-8562
7463
2963
-7242
5293
-8474
-7084
981
5963
5079
9569
-3163
-958
-3987
-646
-9127
9601
8214
-9120
-9690
-1688
2474
-6874
6280
3016
8136
-3156
7135
-7936
2792
1653
8811
4847
8592
6111
-4777
-7856
2638
6169
-7093
-1839
8778
4279
-6263
-3779
4331
3859
2080
9808
8177
9969
-7912
-951
-2262
3461
7738
-1201
-5764
-5583
4832
6845
7564
-7932
4607
-1064
1453
-9317
1555
1694
6300
-7299
-1656
7393
9362
1977
7575
-2291
7493
2332
5806
8087
4819
1254
3716
1489
-363
-4442
-8624
-5312
7230
-6798
1505
9364
6051
-2100
-1551
-6222
-5781
-5834
5236
-585
3135
9210
6133
-8384
3300
3783
4178
5022
-1735
3093
-2598
-5430
-8085
-8622
-3358
7735
-2164
-3272
-4251
8987
-6986
-7729
1526
6597
2488
-3383
5269
-3365
9366
-7894
-79
8138
5304
9502
7700
1010
1569
2595
4715
-4548
-6710
6219
-1435
-8686
3278
-2277
817
7611
3066
-497
3697
9054
1048
-1497
1435
-6737
-2492
-8235
-396
1081
-3271
-5191
1240
-1992
5114
-3891
8932
4333
-8593
-6446
-5789
-3409
655
2286
-6839
5973
-1124
4345
4369
-940
6881
7020
800
7887
8335
-5229
-6991
-8860
-7473
-5329
-5075
5281
8008
8780
1899
3714
3704
-1417
-6779
7815
-6011
-8512
1562
-2905
-5319
-9522
-5989
-1831
-1251
-9854
2655
1322
1474
2477
-1431
2794
9584
2077
39
5049
3742
4394
3773
631
5550
1537
-8213
6831
3331
7479
-9570
7529
4862
4320
3106
6719
9301
565
-707
1681
5176
725
-5990
5292
-53
-5899
441
3941
9153
6216
-4705
-8057
-8146
2193
554
7116
7000
6554
4204
-6678
-1114
3799
1423
-8981
9971
4993
4192
-136
6038
-5845
8248
-2103
308
-3611
6668
6994
-9169
9811
5318
-858
-361
5009
3623
-2003
-1532
-8670
-9478
9289
-5428
3098
-1983
-3386
5668
5591
8406
6749
2277
-2519
6494
6236
3172
-2787
-5526
3095
1964
-4197
-183
2146
-128
-8089
5590
-2604
-4883
-199
1813
-8317
2293
5128
585
-8423
6122
-5027
-3849
354
6861
-6487
-6897
-91
-9122
-8849
-7612
-3723
2971
-8477
-8944
6101
5972
1040
1772
1009
3059
4097
3966
3129
-3708
-3714
-6896
-2166
3314
-9943
394
-9296
7838
-3701
4839
-9675
1292
-4858
5624
-7468
-2927
5302
5845
-6108
9489
3898
-9475
6668
2125
-7156
-2832
5071
4400
2074
4605
6671
-4999
-746
8594
-877
2741
-2165
2247
-4369
-1565
-9227
3390
8257
6440
-9860
-4460
9859
-7191
-7754
-8978
-3837
1724
-9128
-4546
-9210
-4908
463
-9884
-4276
1652
8678
3603
3296
-4684
4008
-4844
1654
4931
-9183
2291
1722
9938
-6220
-5000
-9209
9227
-4432
7360
-6497
1247
8301
430
8368
5900
-2268
-4005
3678
9251
5270
9922
6924
-6212
-5462
-6430
-2287
3779
2041
5688
-489
8659
-9261
-8162
4613
-799
-6956
2944
6617
4742
-7113
-372
-7192
1578
8382
2656
4118
8887
-4565
1924
155
-1021
7520
-7042
7674
-7467
-3925
-1784
-1031
3141
-9848
8113
-5712
7992
-5328
3344
-1468
-8715
9081
7616
-2525
3720
530
-8481
-7453
-6511
6122
9120
-2183
-4459
2406
-8517
-7179
-2840
-1257